1200 1 10
0.20 0.30 0.40
1 0 1 10 2 4 a 1 
2 2 3 15 5 4 b2
3 2 4 15 5 4 d3
4 0 6 10 2 4 a 4
5 2 7 15 5 4 c5
6 2 8 15 5 4 a6
7 0 9 10 2 4 a 7
8 2 10 15 5 4 a8
9 2 11 15 5 4 a8
10 0 12 10 2 4 a 7
11 2 13 15 5 4 a6
12 2 14  15 5 4 a3
13 0 15 10 2 4 a 2
14 2 16 15 5 4 b1
15 2 17 15 5 4 a2
16 0 18 10 2 4 d 3
17 2 19 15 5 4 a5
18 2 20 15 5 4 a0
19 0 21 10 2 4 b 0
20 2 22 15 5 4 c0
21 0 23 10 2 4 a 0
22 2 24 15 5 4 d0
23 2 25 15 5 4 a9
24 0 26 10 2 4 d 8
25 2 27 15 5 4 a7
26 2 28 15 5 4 a6
27 0 29 10 2 4 b 5
28 2 30 15 5 4 a4
29 2 31 15 5 4 a3
30 0 32 10 2 4 a 2
31 2 33 15 5 4 d1
32 2 34 15 5 4 a2
33 0 35 10 2 4 a 3
34 2 36 15 5 4 d4
35 2 37 15 5 4 a5
36 0 38 10 2 4 b 6
37 2 39 15 5 4 a7
38 2 40 15 5 4 a8
39 0 50 10 2 4 c 9
40 2 51 15 5 4 a8
41 0 61 10 2 4 c 7
42 2 63 15 5 4 a6
43 2 64 15 5 4 a4
44 0 66 10 2 4 c3 
45 2 67 15 5 4 a2
46 2 68 15 5 4 a1
47 0 71 10 2 4 b 2
48 2 73 15 5 4 c3
49 2 74 15 5 4 a4
50 0 81 10 2 4 b 5
51 2 83 15 5 4 a6
52 2 84 15 5 4 a7
53 0 86 10 2 4 b 8
54 2 87 15 5 4 a9
55 2 88 15 5 4 c8
56 0 91 10 2 4 d 7
57 2 93 15 5 4 c6
58 2 93 15 5 4 b5
59 0 93 17 3 4 d4
60 2 93 15 5 4 a3
61 0 93 10 2 4 c 2
62 2 94 15 5 4 a1
63 2 94 15 5 4 a2
64 0 96 10 2 4 c 3
65 2 97 15 5 4 a4
66 2 98 15 5 4 a5
67 0 98 10 2 4 b 6
68 2 98 15 5 4 c7
69 2 98 15 5 4 a8
70 0 98 10 2 4 b 9
71 2 98 15 5 4 a7
72 2 98 15 5 4 a1
73 0 99 10 2 4 b 1
74 2 99 15 5 4 a2
75 2 99 15 5 4 c3
76 0 99 10 2 4 d 4
77 2 100 15 5 4 c5
78 2 100 15 5 4 b6
-1