100 3 10
20 30 40
1 0 1 10 2 4 a1 
2 2 3 15 5 4 a2
3 2 4 15 5 4 a3
4 0 6 10 2 4 a 4
5 2 6 15 5 4 a5
6 2 8 15 5 4 a6
7 0 9 10 2 4 a 4
8 2 10 15 5 4 a3
9 2 11 15 5 4 a2
10 0 12 10 2 4 a1 
11 2 12 15 5 4 a2
12 2 14  15 5 4 a3
13 0 15 10 2 4 a 4
14 2 16 15 5 4 b3
15 2 17 15 5 4 a2
16 0 18 10 2 4 d 1
17 2 19 15 5 4 a2
18 2 20 15 5 4 a3
19 0 21 10 2 4 b 4
20 2 22 15 5 4 c5
21 0 23 10 2 4 a 3
22 2 24 15 5 4 d4
23 2 24 15 5 4 a2
24 0 24 10 2 4 d 3
25 2 24 15 5 4 a4
26 2 24 15 5 4 a1
27 0 24 10 2 4 b5 
28 2 30 15 5 4 a1
29 2 31 15 5 4 a2
30 0 32 10 2 4 a 3
31 2 33 15 5 4 d3
32 2 34 15 5 4 a4
33 0 35 10 2 4 a 5
34 2 36 15 5 4 d6
35 2 37 15 5 4 a7
36 0 38 10 2 4 b 8
37 2 39 15 5 4 a7
38 2 40 15 5 4 a6
39 0 40 10 2 4 c 5
40 2 41 15 5 4 a4
41 0 41 10 2 4 c 3
42 2 43 15 5 4 a2
43 2 44 15 5 4 a1
44 0 46 10 2 4 c 2
45 2 47 15 5 4 a3
46 2 48 15 5 4 a2
47 0 49 10 2 4 b 1
48 2 49 15 5 4 c0
49 2 49 15 5 4 a0
50 0 49 10 2 4 b 0
-1