1000 7 10
0.720 0.630 0.40
1 0 1 10 2 4 a 2
2 2 3 15 5 4 a 4
3 2 4 15 5 4 a 5
4 0 6 10 2 4 a  6
5 2 7 15 5 4 a 7
6 2 8 15 5 4 a 8 
7 0 9 10 2 4 a 9
8 2 10 15 5 4 a 1
9 2 11 15 5 4 a 2
10 0 12 10 2 4 a  3
11 2 13 15 5 4 a 4
12 2 14  15 5 4 a 5
13 0 15 10 2 4 a  6
14 2 16 15 5 4 a 7
15 2 17 15 5 4 a 8
16 0 18 10 2 4 a  9
17 2 19 15 5 4 a 5
18 2 20 15 5 4 a 4
19 0 21 10 2 4 a  3
20 2 22 15 5 4 a 2
21 0 23 10 2 4 a 2
22 2 24 15 5 4 a 2
23 2 25 15 5 4 a 1
24 0 26 10 2 4 a 2
25 2 27 15 5 4 a 3
26 2 28 15 5 4 a 3
27 0 29 10 2 4 a 6
28 2 30 15 5 4 a 7
29 2 31 15 5 4 a 8
30 0 32 10 2 4 a  4
31 2 33 15 5 4 a 5
32 2 34 15 5 4 a 7
33 0 35 10 2 4 a 5
34 2 36 15 5 4 a 3
35 2 37 15 5 4 a 2
36 0 38 10 2 4 a 1
37 2 39 15 5 4 a 3
38 2 40 15 5 4 a 6
39 0 50 10 2 4 a 7 
40 2 51 15 5 4 a 5
41 0 61 10 2 4 a 4
42 2 63 15 5 4 a 1
43 2 64 15 5 4 a 2
44 0 66 10 2 4 a  3
45 2 67 15 5 4 a 3
46 2 68 15 5 4 a 2
47 0 71 10 2 4 a 3
48 2 73 15 5 4 a 1
49 2 74 15 5 4 a 1
50 0 81 10 2 4 a 2
51 2 83 15 5 4 a 3
52 2 84 15 5 4 a 4
53 0 86 10 2 4 a  5
54 2 87 15 5 4 a 6
55 2 88 15 5 4 a 7
56 0 91 10 2 4 a  8
57 2 93 15 5 4 a 9
58 2 93 15 5 4 a 0 
59 0 93 17 3 4 a 1
60 2 93 15 5 4 a 3
61 0 93 10 2 4 a  5
62 2 94 15 5 4 a 6
63 2 94 15 5 4 a 8
64 0 96 10 2 4 a 0
65 2 97 15 5 4 a 0
66 2 98 15 5 4 a 0 
67 0 98 10 2 4 a 0 
68 2 98 15 5 4 a8
69 2 98 15 5 4 a4
70 0 98 10 2 4 a  5
71 2 98 15 5 4 a6
72 2 98 15 5 4 a7
73 0 99 10 2 4 a 3
74 2 99 15 5 4 a4
75 2 99 15 5 4 a5
76 0 99 10 2 4 a 6
77 2 100 15 5 4 a7
78 2 100 15 5 4 a2
-1