10000 3 10
20 30 40
1 0 1 10 2 4 a 1
2 2 3 15 5 4 b1
3 2 4 15 5 4 d1
4 0 6 10 2 4 a 2
5 2 7 15 5 4 c1
6 2 8 15 5 4 a2
7 0 9 10 2 4 a 1
8 2 10 15 5 4 a2
9 2 11 15 5 4 a1
10 0 12 10 2 4 a2 
11 2 13 15 5 4 a3
12 2 14  15 5 4 a4
13 0 15 10 2 4 a 5
14 2 16 15 5 4 b4
15 2 17 15 5 4 a3
16 0 18 10 2 4 d 2
17 2 19 15 5 4 a1
18 2 20 15 5 4 a2
19 0 21 10 2 4 b 3
20 2 22 15 5 4 c4
21 0 23 10 2 4 a 5
22 2 24 15 5 4 d4
23 2 25 15 5 4 a3
24 0 26 10 2 4 d 2
25 2 27 15 5 4 a1
26 2 28 15 5 4 a2
27 0 29 10 2 4 b 3
28 2 30 15 5 4 a4
29 2 31 15 5 4 a3
30 0 32 10 2 4 a 2
31 2 33 15 5 4 d1
32 2 34 15 5 4 a1
33 0 35 10 2 4 a 1
34 2 36 15 5 4 d1
35 2 37 15 5 4 a1
36 0 38 10 2 4 b 1
37 2 39 15 5 4 a1
38 2 40 15 5 4 a1
39 0 50 10 2 4 c 1
40 2 51 15 5 4 a1
41 0 61 10 2 4 c 1
42 2 63 15 5 4 a1
43 2 64 15 5 4 a1
44 0 66 10 2 4 c 1
45 2 67 15 5 4 a1
46 2 68 15 5 4 a1
47 0 71 10 2 4 b 1
48 2 73 15 5 4 c1
49 2 74 15 5 4 a1
50 0 81 10 2 4 b 1
51 2 83 15 5 4 a1
52 2 84 15 5 4 a2
53 0 86 10 2 4 b 3
54 2 87 15 5 4 a4
55 2 88 15 5 4 c3
56 0 91 10 2 4 d 2
57 2 93 15 5 4 c1
58 2 93 15 5 4 b0
59 0 93 17 3 4 d1
60 2 93 15 5 4 a1
61 0 93 10 2 4 c 1
62 2 94 15 5 4 a1
63 2 94 15 5 4 a1
64 0 96 10 2 4 c 1
65 2 97 15 5 4 a1
66 2 98 15 5 4 a2
67 0 98 10 2 4 b 3
68 2 98 15 5 4 c2
69 2 98 15 5 4 a1
70 0 98 10 2 4 b 1
71 2 98 15 5 4 a1
72 2 98 15 5 4 a1
73 0 99 10 2 4 b 2
74 2 99 15 5 4 a3
75 2 99 15 5 4 c4
76 0 99 10 2 4 d 5
77 2 100 15 5 4 c0
78 2 100 15 5 4 b0
-1