200 3 14
1 0.03 0.01
1 0 1 10 2 4 a1
2 0 2 11 2 4 a1
3 0 2 10 3 5 a1
4 0 2 9 4 2 a1
5 1 2 10 6 3 b1
6 1 2 10 4 5 c1
7 1 2 15 3 2 d1
8 1 2 14 2 1 d1
9 2 3 14 2 5 b1
10 0 3 10 2 4 a1
11 0 3 10 2 4 a1
12 0 3 11 2 4 a1
13 0 3 10 3 5 a1
14 0 3 9 4 2 a1
15 1 3 10 6 3 b1
16 1 3 10 4 5 c1
17 1 4 15 3 2 d1
18 1 4 14 2 1 d1
19 2 4 14 2 5 b1
20 2 4 12 3 2 a1
21 0 4 10 2 4 a1
22 0 4 11 2 4 a1
23 0 4 10 3 5 a1
24 0 4 9 4 2 a1
25 1 5 10 6 3 b1
26 1 5 10 4 5 c1
27 1 5 15 3 2 d1
28 1 5 14 2 1 d1
29 2 5 14 2 5 b1
30 2 5 3 1 2 c1
31 0 5 10 2 4 a1
32 0 6 11 2 4 a1
33 0 6 10 3 5 a1
34 0 6 9 4 2 a1
35 1 6 10 6 3 b1
36 1 6 10 4 5 c1
37 1 7 15 3 2 d1
38 1 7 14 2 1 d1
39 2 7 14 2 5 b1
40 2 7 21 2 3 d1
41 2 7 3 1 2 c1
42 0 7 10 2 4 a1
43 0 7 11 2 4 a1
44 0 7 10 3 5 a1
45 0 7 9 4 2 a1
46 1 7 10 6 3 b1
47 1 7 10 4 5 c1
48 1 7 15 3 2 d1
49 1 7 14 2 1 d1
50 2 7 14 2 5 b1
51 2 7 21 2 3 d1
-1
